2 0.7015625 0.7390625 0.1375 0.228125
2 0.66953125 0.4828125 0.09375 0.1515625
2 0.55625 0.44921875 0.071875 0.1375
2 0.4203125 0.3609375 0.084375 0.09375
2 0.5953125 0.1890625 0.0390625 0.0578125
4 0.646875 0.28515625 0.009375 0.0703125
4 0.65234375 0.271875 0.0078125 0.0609375
4 0.47109375 0.23671875 0.0078125 0.0609375
4 0.478125 0.23125 0.0078125 0.0546875
4 0.65859375 0.11875 0.0453125 0.0703125
2 0.671875 0.08046875 0.0265625 0.034375
2 0.68125 0.05390625 0.0203125 0.034375
2 0.66015625 0.02890625 0.0203125 0.03125
2 0.81015625 0.1 0.025 0.03125
0 0.946875 0.3859375 0.0484375 0.0765625