1 0.1828125 0.15 0.0984375 0.2171875
2 0.25390625 0.15234375 0.04375 0.0796875
4 0.0609375 0.16328125 0.0140625 0.09375
2 0.18515625 0.02265625 0.0453125 0.0453125
2 0.31640625 0.234375 0.096875 0.23125
2 0.41328125 0.2953125 0.0703125 0.10625
2 0.234375 0.3390625 0.065625 0.10625
2 0.4640625 0.384375 0.075 0.1171875
2 0.26953125 0.40234375 0.075 0.128125
2 0.55546875 0.54296875 0.103125 0.18125
2 0.43125 0.5515625 0.10625 0.1796875
4 0.02265625 0.56015625 0.0265625 0.128125
2 0.0828125 0.7984375 0.096875 0.159375
2 0.11875 0.946875 0.125 0.103125