2 0.79921875 0.2703125 0.31875 0.3015625
3 0.53125 0.3546875 0.1 0.175
3 0.59921875 0.565625 0.1046875 0.2515625
3 0.53125 0.8 0.1046875 0.2703125
3 0.1375 0.25703125 0.1 0.19609375
3 0.2703125 0.2359375 0.10703125 0.20625
3 0.4234375 0.2359375 0.09765625 0.2015625
3 0.484375 0.09765625 0.1 0.1953125
3 0.13125 0.09296875 0.0875 0.1375
3 0.93046875 0.06328125 0.0671875 0.1265625
3 0.96484375 0.24765625 0.0703125 0.1734375
2 0.6517509734375 0 0.6493190656250001 0.11652542343750001 0.6930933859375 0.143008475 0.7198443578125 0.105932203125 0.8511673156249999 0.09798728749999999 0.8171206218749999 0 0.6517509734375 0